../data/final/netrd/SIS/timeseries_ba20_5k_0.1.pickle
../data/final/edges_ba20.pickle
SEED: 0
NUM_DYN_EPOCHS: 20
DETECT_EARLY_CONVERGENCE: False
CONTINUATION: False
CONT_ADDRESS: /content/drive/MyDrive/BA_Code/hillclimbing_logs/annealing/first/2021-01-27T18_56_40.854852
USE_EVALEPOCH_FOR_GUIDED_MUTATION: False
NUM_GEN: 50
num samples: 5000
NUM_TRAIN_SAMPLES: 4999
NUM_TRAIN_BATCHES: 50
NUM_TEST_SAMPLES: 4999
NUM_TEST_BATCHES: 50
BATCH_SIZE: 100
HIDDEN_SIZE: 128
NUM_DYN_EPOCHS: 20
IS_CONTINUOUS: False
USE_MAX: False
Loss in Epoch 0: 0.35777583718299866
Loss in Epoch 1: 0.33282217383384705
Loss in Epoch 2: 0.3319973945617676
Loss in Epoch 3: 0.3317417502403259
Loss in Epoch 4: 0.33080556988716125
Loss in Epoch 5: 0.3302040100097656
Loss in Epoch 6: 0.3299732804298401
Loss in Epoch 7: 0.32898834347724915
Loss in Epoch 8: 0.32923001050949097
Loss in Epoch 9: 0.32810378074645996
Loss in Epoch 10: 0.3279619514942169
Loss in Epoch 11: 0.3271152675151825
Loss in Epoch 12: 0.32700544595718384
Loss in Epoch 13: 0.3268131911754608
Loss in Epoch 14: 0.3267499804496765
Loss in Epoch 15: 0.32598888874053955
Loss in Epoch 16: 0.32593798637390137
Loss in Epoch 17: 0.3258517384529114
Loss in Epoch 18: 0.3255261778831482
Loss in Epoch 19: 0.3257822096347809
Mean loss in evaluation epoch: 0.3257404565811157, epochs needed: 20


 Tracking generation 0
------------------------- TRACKING ---------------------------
Matrix Hash: bcfde9534d3bfd59, num_times_seen_before: 0
ACC: 0.4789473684210527
TPR/FPR: 0.5833333333333334, 0.5454545454545454
Loss: 0.3257404565811157
Timestamp: 0
---------------------------------------------------------------
[[0.00000 0.00000 0.19326 0.45339 0.17289 0.00000 0.23449 0.00000 0.19901 0.00000 0.26257 0.28352 0.27452 0.10285 0.36758 0.00000 0.05237 0.00000 0.34591 0.19714]
 [0.00000 0.00000 0.00000 0.00000 0.35415 0.20558 0.04758 0.00000 0.16254 0.00000 0.00000 0.24686 0.00000 0.00000 0.00000 0.00000 0.00000 0.71542 0.35950 1.00000]
 [0.19326 0.00000 0.00000 0.59932 0.30374 0.18894 0.00000 0.00000 0.30861 0.15483 0.00000 0.00000 0.00000 0.22892 0.00000 0.10867 0.33650 0.11231 0.14040 0.00000]
 [0.45339 0.00000 0.59932 0.00000 0.00000 0.65033 0.00000 0.00000 0.00000 0.00000 0.52372 0.64094 0.00000 0.00000 0.00000 0.00000 0.00000 0.60918 0.00000 0.64584]
 [0.17289 0.35415 0.30374 0.00000 0.00000 0.34535 0.20986 0.30117 0.00000 0.27931 0.00000 0.00000 0.00000 0.00000 0.28446 0.18134 0.12810 0.00000 0.22558 0.31190]
 [0.00000 0.20558 0.18894 0.65033 0.34535 0.00000 0.11169 0.22956 0.30315 0.00000 0.26355 0.00000 0.29581 0.00689 0.00000 0.19505 0.00000 0.00000 0.00000 0.05266]
 [0.23449 0.04758 0.00000 0.00000 0.20986 0.11169 0.00000 0.07575 0.27144 0.28137 0.27754 0.00000 0.13710 0.06225 0.10200 0.34107 0.19231 0.17696 0.00000 0.00000]
 [0.00000 0.00000 0.00000 0.00000 0.30117 0.22956 0.07575 0.00000 0.30044 0.25194 0.28910 0.23495 0.21117 0.05435 0.00000 0.24737 0.60604 0.09741 0.11883 0.00000]
 [0.19901 0.16254 0.30861 0.00000 0.00000 0.30315 0.27144 0.30044 0.00000 0.28829 0.00000 0.28926 0.00000 0.00000 0.20839 0.00000 0.00000 0.23318 0.10413 0.00000]
 [0.00000 0.00000 0.15483 0.00000 0.27931 0.00000 0.28137 0.25194 0.28829 0.00000 0.00000 0.00000 0.20552 0.07680 0.00000 0.12277 0.00000 0.00000 0.13721 0.03612]
 [0.26257 0.00000 0.00000 0.52372 0.00000 0.26355 0.27754 0.28910 0.00000 0.00000 0.00000 0.04478 0.00000 0.15525 0.20942 0.11548 0.00000 0.21933 0.00000 0.10055]
 [0.28352 0.24686 0.00000 0.64094 0.00000 0.00000 0.00000 0.23495 0.28926 0.00000 0.04478 0.00000 0.00000 0.09677 0.00000 0.08578 0.30990 0.00000 0.25171 0.00000]
 [0.27452 0.00000 0.00000 0.00000 0.00000 0.29581 0.13710 0.21117 0.00000 0.20552 0.00000 0.00000 0.00000 0.00000 0.04128 0.16762 0.00000 0.00000 0.09042 0.00000]
 [0.10285 0.00000 0.22892 0.00000 0.00000 0.00689 0.06225 0.05435 0.00000 0.07680 0.15525 0.09677 0.00000 0.00000 0.00000 0.00000 0.59983 0.00000 0.00000 0.52757]
 [0.36758 0.00000 0.00000 0.00000 0.28446 0.00000 0.10200 0.00000 0.20839 0.00000 0.20942 0.00000 0.04128 0.00000 0.00000 0.00359 0.47689 0.00000 0.06625 0.00000]
 [0.00000 0.00000 0.10867 0.00000 0.18134 0.19505 0.34107 0.24737 0.00000 0.12277 0.11548 0.08578 0.16762 0.00000 0.00359 0.00000 0.00000 0.16621 0.03007 0.22383]
 [0.05237 0.00000 0.33650 0.00000 0.12810 0.00000 0.19231 0.60604 0.00000 0.00000 0.00000 0.30990 0.00000 0.59983 0.47689 0.00000 0.00000 0.52263 0.49983 0.81103]
 [0.00000 0.71542 0.11231 0.60918 0.00000 0.00000 0.17696 0.09741 0.23318 0.00000 0.21933 0.00000 0.00000 0.00000 0.00000 0.16621 0.52263 0.00000 0.02578 0.51469]
 [0.34591 0.35950 0.14040 0.00000 0.22558 0.00000 0.00000 0.11883 0.10413 0.13721 0.00000 0.25171 0.09042 0.00000 0.06625 0.03007 0.49983 0.02578 0.00000 0.69517]
 [0.19714 1.00000 0.00000 0.64584 0.31190 0.05266 0.00000 0.00000 0.00000 0.03612 0.10055 0.00000 0.00000 0.52757 0.00000 0.22383 0.81103 0.51469 0.69517 0.00000]]
Candidate: 63b77f3fbc5d2a62. Changes:19
Loss in Epoch 0: 0.3587924838066101
Loss in Epoch 1: 0.33512169122695923
Loss in Epoch 2: 0.3304901123046875
Loss in Epoch 3: 0.32883214950561523
Loss in Epoch 4: 0.3264992833137512
Loss in Epoch 5: 0.3240484297275543
Loss in Epoch 6: 0.3243274688720703
Loss in Epoch 7: 0.32375913858413696
Loss in Epoch 8: 0.32406675815582275
Loss in Epoch 9: 0.3231915831565857
Loss in Epoch 10: 0.3239675462245941
Loss in Epoch 11: 0.3231257498264313
Loss in Epoch 12: 0.3231329023838043
Loss in Epoch 13: 0.323102205991745
Loss in Epoch 14: 0.3230234384536743
Loss in Epoch 15: 0.3231346905231476
Loss in Epoch 16: 0.32306617498397827
Loss in Epoch 17: 0.32289695739746094
Loss in Epoch 18: 0.32366445660591125
Loss in Epoch 19: 0.3227750360965729
Mean loss in evaluation epoch: 0.32247522473335266, epochs needed: 20
smaller, so accepting
Loss in Epoch 0: 0.3667154908180237
Loss in Epoch 1: 0.33893465995788574
Loss in Epoch 2: 0.3330206274986267
Loss in Epoch 3: 0.3294696807861328
Loss in Epoch 4: 0.3269139528274536
Loss in Epoch 5: 0.3258632719516754
Loss in Epoch 6: 0.32532164454460144
Loss in Epoch 7: 0.3251740336418152
Loss in Epoch 8: 0.3246818780899048
Loss in Epoch 9: 0.32445234060287476
Loss in Epoch 10: 0.3245660364627838
Loss in Epoch 11: 0.32430410385131836
Loss in Epoch 12: 0.3236050605773926
Loss in Epoch 13: 0.3230653405189514
Loss in Epoch 14: 0.32312870025634766
Loss in Epoch 15: 0.3231208026409149
Loss in Epoch 16: 0.323231041431427
Loss in Epoch 17: 0.32309332489967346
Loss in Epoch 18: 0.3228858411312103
Loss in Epoch 19: 0.3231359124183655
Mean loss in evaluation epoch: 0.3226781487464905, epochs needed: 20


 Tracking generation 1
------------------------- TRACKING ---------------------------
Matrix Hash: 63b77f3fbc5d2a62, num_times_seen_before: 0
ACC: 0.4631578947368421
TPR/FPR: 0.4722222222222222, 0.538961038961039
Loss: 0.3226781487464905
Timestamp: 11.595924336
---------------------------------------------------------------
[[0.00000 0.08373 0.46375 0.34344 0.66115 0.00000 0.55156 0.00000 0.56119 0.00000 0.64598 0.08050 0.58828 0.29776 0.36765 0.00000 0.00000 0.00000 0.39056 0.33814]
 [0.08373 0.00000 0.00000 0.44512 0.00000 0.69776 0.37246 0.00000 0.00000 0.00000 0.00000 1.00000 0.00000 0.00000 0.00000 0.00000 0.00000 0.00000 0.62459 0.00000]
 [0.46375 0.00000 0.00000 0.12959 0.44545 0.01672 0.00000 0.00000 0.33705 0.00000 0.00000 0.24780 0.00000 0.00000 0.00000 0.16659 0.09479 0.00000 0.08783 0.03861]
 [0.34344 0.44512 0.12959 0.00000 0.00000 0.06746 0.00000 0.00000 0.00000 0.00000 0.00000 0.31460 0.00000 0.04757 0.02374 0.00000 0.12159 0.25643 0.03300 0.04961]
 [0.66115 0.00000 0.44545 0.00000 0.00000 0.27716 0.47757 0.55945 0.00000 0.43097 0.00000 0.00000 0.00000 0.00000 0.00000 0.38466 0.00000 0.00000 0.31633 0.32471]
 [0.00000 0.69776 0.01672 0.06746 0.27716 0.00000 0.05578 0.14315 0.00000 0.00000 0.22976 0.42243 0.17034 0.18094 0.16019 0.00000 0.00000 0.35152 0.11223 0.17181]
 [0.55156 0.37246 0.00000 0.00000 0.47757 0.05578 0.00000 0.00000 0.40532 0.00000 0.47781 0.15768 0.36004 0.08961 0.00000 0.27526 0.00000 0.00000 0.00000 0.00000]
 [0.00000 0.00000 0.00000 0.00000 0.55945 0.14315 0.00000 0.00000 0.44584 0.34154 0.51809 0.00000 0.44058 0.00000 0.00000 0.30955 0.03327 0.00000 0.20436 0.14475]
 [0.56119 0.00000 0.33705 0.00000 0.00000 0.00000 0.40532 0.44584 0.00000 0.31878 0.00000 0.09143 0.00000 0.00000 0.14883 0.00000 0.01596 0.03427 0.00000 0.06032]
 [0.00000 0.00000 0.00000 0.00000 0.43097 0.00000 0.00000 0.34154 0.31878 0.00000 0.00000 0.24257 0.30916 0.02172 0.00000 0.14107 0.00000 0.17084 0.06381 0.03700]
 [0.64598 0.00000 0.00000 0.00000 0.00000 0.22976 0.47781 0.51809 0.00000 0.00000 0.00000 0.00000 0.00000 0.22480 0.23942 0.00000 0.15177 0.05228 0.00000 0.24901]
 [0.08050 1.00000 0.24780 0.31460 0.00000 0.42243 0.15768 0.00000 0.09143 0.24257 0.00000 0.00000 0.12271 0.49036 0.44570 0.00000 0.53924 0.00000 0.00000 0.41904]
 [0.58828 0.00000 0.00000 0.00000 0.00000 0.17034 0.36004 0.44058 0.00000 0.30916 0.00000 0.12271 0.00000 0.05029 0.13519 0.27660 0.05150 0.06725 0.17574 0.14534]
 [0.29776 0.00000 0.00000 0.04757 0.00000 0.18094 0.08961 0.00000 0.00000 0.02172 0.22480 0.49036 0.05029 0.00000 0.00000 0.00000 0.00000 0.00000 0.00000 0.24051]
 [0.36765 0.00000 0.00000 0.02374 0.00000 0.16019 0.00000 0.00000 0.14883 0.00000 0.23942 0.44570 0.13519 0.00000 0.00000 0.00000 0.00000 0.00000 0.12605 0.00000]
 [0.00000 0.00000 0.16659 0.00000 0.38466 0.00000 0.27526 0.30955 0.00000 0.14107 0.00000 0.00000 0.27660 0.00000 0.00000 0.00000 0.00000 0.27781 0.00089 0.05495]
 [0.00000 0.00000 0.09479 0.12159 0.00000 0.00000 0.00000 0.03327 0.01596 0.00000 0.15177 0.53924 0.05150 0.00000 0.00000 0.00000 0.00000 0.50104 0.24078 0.00000]
 [0.00000 0.00000 0.00000 0.25643 0.00000 0.35152 0.00000 0.00000 0.03427 0.17084 0.05228 0.00000 0.06725 0.00000 0.00000 0.27781 0.50104 0.00000 0.00000 0.46481]
 [0.39056 0.62459 0.08783 0.03300 0.31633 0.11223 0.00000 0.20436 0.00000 0.06381 0.00000 0.00000 0.17574 0.00000 0.12605 0.00089 0.24078 0.00000 0.00000 0.00000]
 [0.33814 0.00000 0.03861 0.04961 0.32471 0.17181 0.00000 0.14475 0.06032 0.03700 0.24901 0.41904 0.14534 0.24051 0.00000 0.05495 0.00000 0.46481 0.00000 0.00000]]
Candidate: c2d2ad54a128b92c. Changes:31
Loss in Epoch 0: 0.37272438406944275
Loss in Epoch 1: 0.33575165271759033
Loss in Epoch 2: 0.3262099325656891
Loss in Epoch 3: 0.324051171541214
Loss in Epoch 4: 0.3223978281021118
Loss in Epoch 5: 0.3216843008995056
Loss in Epoch 6: 0.3206603229045868
Loss in Epoch 7: 0.32084590196609497
Loss in Epoch 8: 0.3212592601776123
Loss in Epoch 9: 0.3207165002822876
Loss in Epoch 10: 0.31995096802711487
Loss in Epoch 11: 0.32055747509002686
Loss in Epoch 12: 0.31988880038261414
Loss in Epoch 13: 0.320404589176178
Loss in Epoch 14: 0.3197268545627594
Loss in Epoch 15: 0.320020854473114
Loss in Epoch 16: 0.3206397593021393
Loss in Epoch 17: 0.3194308280944824
Loss in Epoch 18: 0.31953054666519165
Loss in Epoch 19: 0.3194541931152344
Mean loss in evaluation epoch: 0.319837361574173, epochs needed: 20
smaller, so accepting
Loss in Epoch 0: 0.3787139058113098
Loss in Epoch 1: 0.337867796421051
Loss in Epoch 2: 0.32888033986091614
Loss in Epoch 3: 0.32468312978744507
Loss in Epoch 4: 0.3222198486328125
Loss in Epoch 5: 0.321297287940979
Loss in Epoch 6: 0.321072518825531
Loss in Epoch 7: 0.3214084208011627
Loss in Epoch 8: 0.32083648443222046
Loss in Epoch 9: 0.32028815150260925
Loss in Epoch 10: 0.3199540972709656
Loss in Epoch 11: 0.32001373171806335
Loss in Epoch 12: 0.3196648955345154
Loss in Epoch 13: 0.319812148809433
Loss in Epoch 14: 0.319931298494339
Loss in Epoch 15: 0.3198024034500122
Loss in Epoch 16: 0.3195435702800751
Loss in Epoch 17: 0.31948956847190857
Loss in Epoch 18: 0.3194487988948822
Loss in Epoch 19: 0.3197343647480011
Mean loss in evaluation epoch: 0.3198893368244171, epochs needed: 20


 Tracking generation 2
------------------------- TRACKING ---------------------------
Matrix Hash: c2d2ad54a128b92c, num_times_seen_before: 0
ACC: 0.46842105263157896
TPR/FPR: 0.3611111111111111, 0.5064935064935064
Loss: 0.3198893368244171
Timestamp: 22.098310784000002
---------------------------------------------------------------
[[0.00000 0.00258 0.00000 0.00416 0.27181 0.00000 0.00000 0.28130 0.00000 0.00000 0.00000 0.32423 0.36085 0.19816 0.00000 0.00000 0.00000 0.00000 0.20243 0.07931]
 [0.00258 0.00000 0.00000 0.32562 0.00000 0.00000 0.00000 0.00000 0.00000 0.00000 0.00000 0.00000 0.00000 0.00000 0.00000 0.00000 0.00000 0.00000 0.45510 0.00000]
 [0.00000 0.00000 0.00000 0.00000 0.19311 0.22971 0.00000 0.64198 0.14793 0.00000 0.00000 0.00000 0.00000 0.00000 0.02653 0.00438 0.00000 0.16755 0.00000 0.00000]
 [0.00416 0.32562 0.00000 0.00000 0.01957 0.02173 0.03608 0.64240 0.15142 0.09627 0.06191 0.11049 0.11434 0.11384 0.18445 0.25533 0.07044 0.11136 0.30122 0.31333]
 [0.27181 0.00000 0.19311 0.01957 0.00000 0.00000 0.00000 0.40606 0.00000 0.30524 0.00000 0.00000 0.00000 0.00000 0.00000 0.06228 0.00000 0.00000 0.04273 0.00250]
 [0.00000 0.00000 0.22971 0.02173 0.00000 0.00000 0.17186 0.00000 0.00000 0.00000 0.36585 0.31304 0.35406 0.00000 0.15285 0.18214 0.28745 0.00000 0.00000 0.03275]
 [0.00000 0.00000 0.00000 0.03608 0.00000 0.17186 0.00000 0.68703 0.00000 0.00000 0.24969 0.00000 0.09970 0.06184 0.16098 0.12966 0.00000 0.17567 0.04524 0.17138]
 [0.28130 0.00000 0.64198 0.64240 0.40606 0.00000 0.68703 0.00000 0.48386 0.36649 0.38488 0.00000 0.55749 0.71895 0.69331 0.64593 0.77546 0.00000 0.73183 1.00000]
 [0.00000 0.00000 0.14793 0.15142 0.00000 0.00000 0.00000 0.48386 0.00000 0.25508 0.00000 0.00000 0.00000 0.00000 0.00000 0.02267 0.07417 0.00000 0.26431 0.00000]
 [0.00000 0.00000 0.00000 0.09627 0.30524 0.00000 0.00000 0.36649 0.25508 0.00000 0.00000 0.00000 0.29164 0.00000 0.00000 0.12346 0.26109 0.28192 0.05020 0.01009]
 [0.00000 0.00000 0.00000 0.06191 0.00000 0.36585 0.24969 0.38488 0.00000 0.00000 0.00000 0.14304 0.00000 0.18175 0.10841 0.06017 0.26425 0.25896 0.00000 0.04067]
 [0.32423 0.00000 0.00000 0.11049 0.00000 0.31304 0.00000 0.00000 0.00000 0.00000 0.14304 0.00000 0.00000 0.11841 0.00032 0.05411 0.00000 0.04096 0.05662 0.00000]
 [0.36085 0.00000 0.00000 0.11434 0.00000 0.35406 0.09970 0.55749 0.00000 0.29164 0.00000 0.00000 0.00000 0.02024 0.02122 0.10929 0.20381 0.00000 0.05750 0.00000]
 [0.19816 0.00000 0.00000 0.11384 0.00000 0.00000 0.06184 0.71895 0.00000 0.00000 0.18175 0.11841 0.02024 0.00000 0.00000 0.00000 0.08539 0.07024 0.00000 0.30045]
 [0.00000 0.00000 0.02653 0.18445 0.00000 0.15285 0.16098 0.69331 0.00000 0.00000 0.10841 0.00032 0.02122 0.00000 0.00000 0.00000 0.02265 0.02181 0.25084 0.00000]
 [0.00000 0.00000 0.00438 0.25533 0.06228 0.18214 0.12966 0.64593 0.02267 0.12346 0.06017 0.05411 0.10929 0.00000 0.00000 0.00000 0.00000 0.03308 0.21571 0.29421]
 [0.00000 0.00000 0.00000 0.07044 0.00000 0.28745 0.00000 0.77546 0.07417 0.26109 0.26425 0.00000 0.20381 0.08539 0.02265 0.00000 0.00000 0.13365 0.00000 0.00000]
 [0.00000 0.00000 0.16755 0.11136 0.00000 0.00000 0.17567 0.00000 0.00000 0.28192 0.25896 0.04096 0.00000 0.07024 0.02181 0.03308 0.13365 0.00000 0.00000 0.00000]
 [0.20243 0.45510 0.00000 0.30122 0.04273 0.00000 0.04524 0.73183 0.26431 0.05020 0.00000 0.05662 0.05750 0.00000 0.25084 0.21571 0.00000 0.00000 0.00000 0.00000]
 [0.07931 0.00000 0.00000 0.31333 0.00250 0.03275 0.17138 1.00000 0.00000 0.01009 0.04067 0.00000 0.00000 0.30045 0.00000 0.29421 0.00000 0.00000 0.00000 0.00000]]
Candidate: 4ba46a71e7cc994b. Changes:25
Loss in Epoch 0: 0.3708639144897461
Loss in Epoch 1: 0.33795827627182007
Loss in Epoch 2: 0.3293004631996155
Loss in Epoch 3: 0.32510095834732056
Loss in Epoch 4: 0.3232068419456482
Loss in Epoch 5: 0.32066610455513
Loss in Epoch 6: 0.3207962214946747
Loss in Epoch 7: 0.32030612230300903
Loss in Epoch 8: 0.32047441601753235
Loss in Epoch 9: 0.32037925720214844
Loss in Epoch 10: 0.3202259838581085
Loss in Epoch 11: 0.3197040259838104
Loss in Epoch 12: 0.31983527541160583
Loss in Epoch 13: 0.3196706771850586
Loss in Epoch 14: 0.3200370669364929
Loss in Epoch 15: 0.3197754919528961
Loss in Epoch 16: 0.31964462995529175
Loss in Epoch 17: 0.31958240270614624
Loss in Epoch 18: 0.31941869854927063
Loss in Epoch 19: 0.31941553950309753
Mean loss in evaluation epoch: 0.320155531167984, epochs needed: 20
will accept with prob tensor(0.9721)
accepting!
Loss in Epoch 0: 0.37584322690963745
Loss in Epoch 1: 0.3388327360153198
Loss in Epoch 2: 0.33002692461013794
Loss in Epoch 3: 0.32335737347602844
Loss in Epoch 4: 0.321734219789505
Loss in Epoch 5: 0.3207646906375885
Loss in Epoch 6: 0.32038524746894836
Loss in Epoch 7: 0.3210836350917816
Loss in Epoch 8: 0.3206563889980316
Loss in Epoch 9: 0.3207475244998932
Loss in Epoch 10: 0.32054880261421204
Loss in Epoch 11: 0.3197951018810272
Loss in Epoch 12: 0.32031676173210144
Loss in Epoch 13: 0.319890558719635
Loss in Epoch 14: 0.32008808851242065
Loss in Epoch 15: 0.3196081221103668
Loss in Epoch 16: 0.31991294026374817
Loss in Epoch 17: 0.3196927607059479
Loss in Epoch 18: 0.31947192549705505
Loss in Epoch 19: 0.31986895203590393
Mean loss in evaluation epoch: 0.3191811740398407, epochs needed: 20


 Tracking generation 3
------------------------- TRACKING ---------------------------
Matrix Hash: 4ba46a71e7cc994b, num_times_seen_before: 0
ACC: 0.49473684210526314
TPR/FPR: 0.4166666666666667, 0.487012987012987
Loss: 0.3191811740398407
Timestamp: 32.352152131
---------------------------------------------------------------
[[0.00000 0.06888 0.00000 0.00000 0.32545 0.00000 0.00000 0.00000 0.00000 0.00000 0.24031 0.07345 0.27037 0.19320 0.00000 0.00000 0.00000 0.00000 0.25441 0.16547]
 [0.06888 0.00000 0.00000 0.00000 0.07322 0.00000 0.00000 0.36658 0.00000 0.00000 0.00000 0.00000 0.00000 0.00000 0.00000 0.00000 0.00000 0.00000 0.00000 0.00000]
 [0.00000 0.00000 0.00000 0.53666 0.00000 0.00000 0.10465 0.00000 0.10433 0.12911 0.52499 0.30106 0.00000 0.00000 0.11209 0.02504 0.12405 0.00000 0.00728 0.00000]
 [0.00000 0.00000 0.53666 0.00000 0.00000 0.00000 0.00000 1.00000 0.00000 0.00000 0.00000 0.00000 0.00000 0.70991 0.00000 0.00000 0.00000 0.00000 0.00000 0.00000]
 [0.32545 0.07322 0.00000 0.00000 0.00000 0.00000 0.00000 0.71640 0.00000 0.20320 0.30363 0.00000 0.00000 0.00000 0.00000 0.26928 0.00000 0.00000 0.28149 0.01723]
 [0.00000 0.00000 0.00000 0.00000 0.00000 0.00000 0.17129 0.48232 0.00000 0.06429 0.47449 0.00000 0.13267 0.00000 0.00000 0.07963 0.00000 0.07400 0.00000 0.36412]
 [0.00000 0.00000 0.10465 0.00000 0.00000 0.17129 0.00000 0.39952 0.00000 0.05485 0.41837 0.28361 0.05393 0.07137 0.22970 0.13491 0.05506 0.00000 0.00000 0.34258]
 [0.00000 0.36658 0.00000 1.00000 0.71640 0.48232 0.39952 0.00000 0.00000 0.00000 0.00000 0.29191 0.62459 0.60548 0.48029 0.61507 0.35031 0.45168 0.54626 0.18545]
 [0.00000 0.00000 0.10433 0.00000 0.00000 0.00000 0.00000 0.00000 0.00000 0.10664 0.22991 0.07231 0.00000 0.00000 0.04963 0.00000 0.02808 0.00000 0.00648 0.00000]
 [0.00000 0.00000 0.12911 0.00000 0.20320 0.06429 0.05485 0.00000 0.10664 0.00000 0.42961 0.29245 0.06457 0.00000 0.00000 0.00618 0.00000 0.10021 0.00000 0.37932]
 [0.24031 0.00000 0.52499 0.00000 0.30363 0.47449 0.41837 0.00000 0.22991 0.42961 0.00000 0.00000 0.33135 0.00000 0.56631 0.60380 0.47153 0.00000 0.41791 0.73790]
 [0.07345 0.00000 0.30106 0.00000 0.00000 0.00000 0.28361 0.29191 0.07231 0.29245 0.00000 0.00000 0.11949 0.19574 0.34118 0.00000 0.31117 0.00000 0.16339 0.00000]
 [0.27037 0.00000 0.00000 0.00000 0.00000 0.13267 0.05393 0.62459 0.00000 0.06457 0.33135 0.11949 0.00000 0.11389 0.02318 0.23457 0.00000 0.00000 0.00000 0.00000]
 [0.19320 0.00000 0.00000 0.70991 0.00000 0.00000 0.07137 0.60548 0.00000 0.00000 0.00000 0.19574 0.11389 0.00000 0.00000 0.10273 0.04906 0.02081 0.15267 0.31518]
 [0.00000 0.00000 0.11209 0.00000 0.00000 0.00000 0.22970 0.48029 0.04963 0.00000 0.56631 0.34118 0.02318 0.00000 0.00000 0.02337 0.00000 0.00000 0.05795 0.00000]
 [0.00000 0.00000 0.02504 0.00000 0.26928 0.07963 0.13491 0.61507 0.00000 0.00618 0.60380 0.00000 0.23457 0.10273 0.02337 0.00000 0.00000 0.03645 0.00000 0.28310]
 [0.00000 0.00000 0.12405 0.00000 0.00000 0.00000 0.05506 0.35031 0.02808 0.00000 0.47153 0.31117 0.00000 0.04906 0.00000 0.00000 0.00000 0.00000 0.00000 0.00000]
 [0.00000 0.00000 0.00000 0.00000 0.00000 0.07400 0.00000 0.45168 0.00000 0.10021 0.00000 0.00000 0.00000 0.02081 0.00000 0.03645 0.00000 0.00000 0.01651 0.00000]
 [0.25441 0.00000 0.00728 0.00000 0.28149 0.00000 0.00000 0.54626 0.00648 0.00000 0.41791 0.16339 0.00000 0.15267 0.05795 0.00000 0.00000 0.01651 0.00000 0.00000]
 [0.16547 0.00000 0.00000 0.00000 0.01723 0.36412 0.34258 0.18545 0.00000 0.37932 0.73790 0.00000 0.00000 0.31518 0.00000 0.28310 0.00000 0.00000 0.00000 0.00000]]
Candidate: e0c3e98238ff940e. Changes:24
Loss in Epoch 0: 0.38331305980682373
Loss in Epoch 1: 0.3333764672279358
Loss in Epoch 2: 0.3263334333896637
Loss in Epoch 3: 0.3248293995857239
Loss in Epoch 4: 0.3253985643386841
Loss in Epoch 5: 0.3228820860385895
Loss in Epoch 6: 0.32213157415390015
Loss in Epoch 7: 0.3217373490333557
Loss in Epoch 8: 0.3216376304626465
Loss in Epoch 9: 0.3221682012081146
Loss in Epoch 10: 0.32173705101013184
Loss in Epoch 11: 0.3214850425720215
Loss in Epoch 12: 0.3213232457637787
Loss in Epoch 13: 0.32107654213905334
Loss in Epoch 14: 0.32124483585357666
Loss in Epoch 15: 0.3217851221561432
Loss in Epoch 16: 0.3212043046951294
Loss in Epoch 17: 0.32101747393608093
Loss in Epoch 18: 0.32112792134284973
Loss in Epoch 19: 0.3214622735977173
Mean loss in evaluation epoch: 0.3212657868862152, epochs needed: 20
will accept with prob tensor(0.7972)
accepting!
Loss in Epoch 0: 0.3763321340084076
Loss in Epoch 1: 0.3297719359397888
Loss in Epoch 2: 0.3238407075405121
Loss in Epoch 3: 0.32329803705215454
Loss in Epoch 4: 0.3244687616825104
Loss in Epoch 5: 0.32236185669898987
Loss in Epoch 6: 0.3216797709465027
Loss in Epoch 7: 0.3217102885246277
Loss in Epoch 8: 0.3214077055454254
Loss in Epoch 9: 0.32143279910087585
Loss in Epoch 10: 0.32166364789009094
Loss in Epoch 11: 0.32170629501342773
Loss in Epoch 12: 0.32153987884521484
Loss in Epoch 13: 0.3213682472705841
Loss in Epoch 14: 0.3216562271118164
Loss in Epoch 15: 0.3213726878166199
Loss in Epoch 16: 0.3214700222015381
Loss in Epoch 17: 0.32143378257751465
Loss in Epoch 18: 0.3211754858493805
Loss in Epoch 19: 0.32099649310112
Mean loss in evaluation epoch: 0.3206713795661926, epochs needed: 20


 Tracking generation 4
------------------------- TRACKING ---------------------------
Matrix Hash: e0c3e98238ff940e, num_times_seen_before: 0
ACC: 0.5052631578947369
TPR/FPR: 0.4166666666666667, 0.474025974025974
Loss: 0.3206713795661926
Timestamp: 42.283711189
---------------------------------------------------------------
[[0.00000 0.11041 0.05324 0.79321 0.06553 0.03642 0.00000 0.00167 0.00000 0.00000 0.00000 0.00192 0.06550 0.00000 0.00000 0.08124 0.00000 0.16704 0.09393 0.03474]
 [0.11041 0.00000 0.00000 0.87759 0.02090 0.00000 0.08832 0.12639 0.00000 0.07103 0.04642 0.00000 0.00314 0.00000 0.00000 0.00000 0.00000 0.00000 0.00000 0.00000]
 [0.05324 0.00000 0.00000 0.80731 0.00000 0.00000 0.00000 0.04006 0.05348 0.00000 0.11770 0.00000 0.00000 0.00000 0.00000 0.00000 0.01829 0.00000 0.00000 0.05303]
 [0.79321 0.87759 0.80731 0.00000 0.70912 0.80841 0.64833 0.81906 0.76910 0.70677 0.69443 0.79803 0.75099 0.89236 0.75511 0.87877 0.78615 1.00000 0.91573 0.77268]
 [0.06553 0.02090 0.00000 0.70912 0.00000 0.00000 0.00000 0.07422 0.00000 0.20745 0.16513 0.00000 0.00000 0.03222 0.00000 0.00911 0.00000 0.10322 0.04713 0.00000]
 [0.03642 0.00000 0.00000 0.80841 0.00000 0.00000 0.10618 0.03865 0.00000 0.00000 0.00000 0.02440 0.07890 0.11643 0.05059 0.00000 0.01698 0.21739 0.14653 0.00000]
 [0.00000 0.08832 0.00000 0.64833 0.00000 0.10618 0.00000 0.10022 0.00000 0.00000 0.00000 0.15666 0.19329 0.05136 0.00000 0.12632 0.00000 0.00000 0.00000 0.20485]
 [0.00167 0.12639 0.04006 0.81906 0.07422 0.03865 0.10022 0.00000 0.00000 0.00000 0.00000 0.00803 0.05055 0.00000 0.04418 0.07171 0.00000 0.24658 0.15678 0.01167]
 [0.00000 0.00000 0.05348 0.76910 0.00000 0.00000 0.00000 0.00000 0.00000 0.17473 0.00000 0.00000 0.00000 0.04528 0.07697 0.02060 0.01493 0.15737 0.16833 0.00421]
 [0.00000 0.07103 0.00000 0.70677 0.20745 0.00000 0.00000 0.00000 0.17473 0.00000 0.25653 0.13830 0.18940 0.00000 0.10810 0.07212 0.14225 0.08199 0.00000 0.18378]
 [0.00000 0.04642 0.11770 0.69443 0.16513 0.00000 0.00000 0.00000 0.00000 0.25653 0.00000 0.09429 0.00000 0.03588 0.17688 0.00617 0.00000 0.00000 0.00494 0.00000]
 [0.00192 0.00000 0.00000 0.79803 0.00000 0.02440 0.15666 0.00803 0.00000 0.13830 0.09429 0.00000 0.00000 0.10955 0.00000 0.00000 0.00000 0.00000 0.10268 0.07808]
 [0.06550 0.00314 0.00000 0.75099 0.00000 0.07890 0.19329 0.05055 0.00000 0.18940 0.00000 0.00000 0.00000 0.00000 0.09822 0.02296 0.00000 0.16821 0.08743 0.11501]
 [0.00000 0.00000 0.00000 0.89236 0.03222 0.11643 0.05136 0.00000 0.04528 0.00000 0.03588 0.10955 0.00000 0.00000 0.00000 0.23043 0.00000 0.36520 0.00000 0.10366]
 [0.00000 0.00000 0.00000 0.75511 0.00000 0.05059 0.00000 0.04418 0.07697 0.10810 0.17688 0.00000 0.09822 0.00000 0.00000 0.00000 0.06596 0.00000 0.11699 0.08827]
 [0.08124 0.00000 0.00000 0.87877 0.00911 0.00000 0.12632 0.07171 0.02060 0.07212 0.00617 0.00000 0.02296 0.23043 0.00000 0.00000 0.00000 0.31317 0.21542 0.03438]
 [0.00000 0.00000 0.01829 0.78615 0.00000 0.01698 0.00000 0.00000 0.01493 0.14225 0.00000 0.00000 0.00000 0.00000 0.06596 0.00000 0.00000 0.00000 0.00000 0.01895]
 [0.16704 0.00000 0.00000 1.00000 0.10322 0.21739 0.00000 0.24658 0.15737 0.08199 0.00000 0.00000 0.16821 0.36520 0.00000 0.31317 0.00000 0.00000 0.35352 0.00000]
 [0.09393 0.00000 0.00000 0.91573 0.04713 0.14653 0.00000 0.15678 0.16833 0.00000 0.00494 0.10268 0.08743 0.00000 0.11699 0.21542 0.00000 0.35352 0.00000 0.00000]
 [0.03474 0.00000 0.05303 0.77268 0.00000 0.00000 0.20485 0.01167 0.00421 0.18378 0.00000 0.07808 0.11501 0.10366 0.08827 0.03438 0.01895 0.00000 0.00000 0.00000]]
Candidate: 7c0d4becb244884e. Changes:28
Loss in Epoch 0: 0.35891807079315186
Loss in Epoch 1: 0.33179670572280884
Loss in Epoch 2: 0.3301573097705841
Loss in Epoch 3: 0.3285021483898163
Loss in Epoch 4: 0.3273915648460388
Loss in Epoch 5: 0.32490837574005127
Loss in Epoch 6: 0.3251174986362457
Loss in Epoch 7: 0.3234579265117645
Loss in Epoch 8: 0.322445809841156
Loss in Epoch 9: 0.3220558166503906
Loss in Epoch 10: 0.3218897879123688
Loss in Epoch 11: 0.3220546245574951
Loss in Epoch 12: 0.32184967398643494
Loss in Epoch 13: 0.3215767741203308
Loss in Epoch 14: 0.3219917118549347
Loss in Epoch 15: 0.32172858715057373
Loss in Epoch 16: 0.3217430114746094
Loss in Epoch 17: 0.3221778869628906
Loss in Epoch 18: 0.3216630518436432
Loss in Epoch 19: 0.32140737771987915
Mean loss in evaluation epoch: 0.32111358642578125, epochs needed: 20
will accept with prob tensor(0.9521)
accepting!
Loss in Epoch 0: 0.34971895813941956
Loss in Epoch 1: 0.3311062455177307
Loss in Epoch 2: 0.328603059053421
Loss in Epoch 3: 0.32669252157211304
Loss in Epoch 4: 0.32486337423324585
Loss in Epoch 5: 0.32373863458633423
Loss in Epoch 6: 0.32261890172958374
Loss in Epoch 7: 0.32271623611450195
Loss in Epoch 8: 0.3224850296974182
Loss in Epoch 9: 0.32183393836021423
Loss in Epoch 10: 0.32209789752960205
Loss in Epoch 11: 0.3218159079551697
Loss in Epoch 12: 0.3216817080974579
Loss in Epoch 13: 0.32204481959342957
Loss in Epoch 14: 0.32224613428115845
Loss in Epoch 15: 0.3216192424297333
Loss in Epoch 16: 0.32185980677604675
Loss in Epoch 17: 0.32167404890060425
Loss in Epoch 18: 0.32158300280570984
Loss in Epoch 19: 0.3216456472873688
Mean loss in evaluation epoch: 0.32133162021636963, epochs needed: 20


 Tracking generation 5
------------------------- TRACKING ---------------------------
Matrix Hash: 7c0d4becb244884e, num_times_seen_before: 0
ACC: 0.49473684210526314
TPR/FPR: 0.7222222222222222, 0.5584415584415584
Loss: 0.32133162021636963
Timestamp: 51.996769566
---------------------------------------------------------------
[[0.00000 0.27253 0.25749 0.60272 0.13495 0.00000 0.00000 0.00000 0.02764 0.00000 0.00000 0.06835 0.24484 0.00000 0.09166 0.17936 0.13017 0.00000 0.00000 0.00000]
 [0.27253 0.00000 0.00000 0.64139 0.01631 0.03751 0.07631 0.00000 0.00000 0.17195 0.00000 0.00000 0.09917 0.00000 0.00000 0.00000 0.00000 0.00000 0.00000 0.00000]
 [0.25749 0.00000 0.00000 0.55547 0.00000 0.08926 0.00000 0.12072 0.00000 0.00000 0.06169 0.21256 0.00000 0.00000 0.31416 0.00000 0.33696 0.00000 0.00000 0.00000]
 [0.60272 0.64139 0.55547 0.00000 0.83269 0.92996 1.00000 0.73502 0.66132 0.97081 0.80985 0.60758 0.89821 0.74453 0.62897 0.00000 0.62443 0.83483 0.74105 0.67768]
 [0.13495 0.01631 0.00000 0.83269 0.00000 0.00000 0.00000 0.25954 0.00000 0.52379 0.26532 0.00000 0.00000 0.00000 0.00000 0.03242 0.00000 0.00000 0.00000 0.00000]
 [0.00000 0.03751 0.08926 0.92996 0.00000 0.00000 0.43948 0.00000 0.00000 0.00000 0.00000 0.22180 0.56755 0.26710 0.09535 0.21243 0.15627 0.41168 0.00000 0.00000]
 [0.00000 0.07631 0.00000 1.00000 0.00000 0.43948 0.00000 0.20572 0.00000 0.00000 0.00000 0.20977 0.46462 0.24760 0.01923 0.24728 0.00000 0.44872 0.00000 0.00000]
 [0.00000 0.00000 0.12072 0.73502 0.25954 0.00000 0.20572 0.00000 0.00000 0.00000 0.00000 0.00099 0.32529 0.02147 0.00000 0.04118 0.00000 0.00000 0.00000 0.00000]
 [0.02764 0.00000 0.00000 0.66132 0.00000 0.00000 0.00000 0.00000 0.00000 0.34833 0.00000 0.01118 0.00000 0.00000 0.00000 0.10697 0.00000 0.00000 0.22874 0.00000]
 [0.00000 0.17195 0.00000 0.97081 0.52379 0.00000 0.00000 0.00000 0.34833 0.00000 0.57986 0.28465 0.58389 0.00000 0.00000 0.21765 0.20584 0.00000 0.33914 0.22866]
 [0.00000 0.00000 0.06169 0.80985 0.26532 0.00000 0.00000 0.00000 0.00000 0.57986 0.00000 0.01365 0.00000 0.21006 0.00000 0.15108 0.00000 0.34873 0.19140 0.00000]
 [0.06835 0.00000 0.21256 0.60758 0.00000 0.22180 0.20977 0.00099 0.01118 0.28465 0.01365 0.00000 0.00000 0.16912 0.27339 0.00000 0.23220 0.00000 0.01461 0.00000]
 [0.24484 0.09917 0.00000 0.89821 0.00000 0.56755 0.46462 0.32529 0.00000 0.58389 0.00000 0.00000 0.00000 0.11213 0.08683 0.15940 0.00000 0.00000 0.24506 0.12842]
 [0.00000 0.00000 0.00000 0.74453 0.00000 0.26710 0.24760 0.02147 0.00000 0.00000 0.21006 0.16912 0.11213 0.00000 0.00000 0.28108 0.00000 0.04908 0.00000 0.27489]
 [0.09166 0.00000 0.31416 0.62897 0.00000 0.09535 0.01923 0.00000 0.00000 0.00000 0.00000 0.27339 0.08683 0.00000 0.00000 0.00000 0.00000 0.00000 0.18733 0.00000]
 [0.17936 0.00000 0.00000 0.00000 0.03242 0.21243 0.24728 0.04118 0.10697 0.21765 0.15108 0.00000 0.15940 0.28108 0.00000 0.00000 0.00000 0.00000 0.00000 0.31300]
 [0.13017 0.00000 0.33696 0.62443 0.00000 0.15627 0.00000 0.00000 0.00000 0.20584 0.00000 0.23220 0.00000 0.00000 0.00000 0.00000 0.00000 0.00000 0.00000 0.00000]
 [0.00000 0.00000 0.00000 0.83483 0.00000 0.41168 0.44872 0.00000 0.00000 0.00000 0.34873 0.00000 0.00000 0.04908 0.00000 0.00000 0.00000 0.00000 0.16289 0.00000]
 [0.00000 0.00000 0.00000 0.74105 0.00000 0.00000 0.00000 0.00000 0.22874 0.33914 0.19140 0.01461 0.24506 0.00000 0.18733 0.00000 0.00000 0.16289 0.00000 0.00000]
 [0.00000 0.00000 0.00000 0.67768 0.00000 0.00000 0.00000 0.00000 0.00000 0.22866 0.00000 0.00000 0.12842 0.27489 0.00000 0.31300 0.00000 0.00000 0.00000 0.00000]]
Candidate: 59781ac34de57eab. Changes:29
Loss in Epoch 0: 0.3693583905696869
Loss in Epoch 1: 0.33677938580513
Loss in Epoch 2: 0.33072429895401
Loss in Epoch 3: 0.32544830441474915
Loss in Epoch 4: 0.3223828077316284
Loss in Epoch 5: 0.3206583261489868
Loss in Epoch 6: 0.32009056210517883
Loss in Epoch 7: 0.32049575448036194
Loss in Epoch 8: 0.3205825686454773
Loss in Epoch 9: 0.3200058937072754
Loss in Epoch 10: 0.3193185329437256
Loss in Epoch 11: 0.3198625147342682
Loss in Epoch 12: 0.31951671838760376
Loss in Epoch 13: 0.31893929839134216
Loss in Epoch 14: 0.3190803825855255
Loss in Epoch 15: 0.319230318069458
Loss in Epoch 16: 0.31869223713874817
Loss in Epoch 17: 0.319056898355484
Loss in Epoch 18: 0.31920260190963745
Loss in Epoch 19: 0.31883183121681213
Mean loss in evaluation epoch: 0.31862765550613403, epochs needed: 20
smaller, so accepting
Loss in Epoch 0: 0.36204954981803894
Loss in Epoch 1: 0.33311301469802856
Loss in Epoch 2: 0.3253217339515686
Loss in Epoch 3: 0.3240269124507904
Loss in Epoch 4: 0.321164071559906
Loss in Epoch 5: 0.3211551606655121
Loss in Epoch 6: 0.32014015316963196
Loss in Epoch 7: 0.3199951946735382
Loss in Epoch 8: 0.3199835419654846
Loss in Epoch 9: 0.32030951976776123
Loss in Epoch 10: 0.31946733593940735
Loss in Epoch 11: 0.3200826048851013
Loss in Epoch 12: 0.3196452260017395
Loss in Epoch 13: 0.319072425365448
Loss in Epoch 14: 0.3191649913787842
Loss in Epoch 15: 0.3186156749725342
Loss in Epoch 16: 0.31890928745269775
Loss in Epoch 17: 0.31866633892059326
Loss in Epoch 18: 0.3187803328037262
Loss in Epoch 19: 0.31866830587387085
Mean loss in evaluation epoch: 0.3186289668083191, epochs needed: 20


 Tracking generation 6
------------------------- TRACKING ---------------------------
Matrix Hash: 59781ac34de57eab, num_times_seen_before: 0
ACC: 0.4894736842105263
TPR/FPR: 0.4166666666666667, 0.4935064935064935
Loss: 0.3186289668083191
Timestamp: 61.739284887
---------------------------------------------------------------
[[0.00000 0.16502 0.00000 0.02243 0.22355 0.54218 0.06325 0.00000 0.00000 0.05460 0.00000 0.02949 0.01237 0.00000 0.00000 0.00000 0.00309 0.00000 0.00000 0.06051]
 [0.16502 0.00000 0.19222 0.00000 0.22585 0.00000 0.00000 0.00000 0.07265 0.00000 0.19618 0.00000 0.00000 0.00000 0.23993 0.00000 0.00000 0.11196 0.12539 0.00000]
 [0.00000 0.19222 0.00000 0.13029 0.00000 0.00000 0.00000 0.00000 0.30226 0.00000 0.42093 0.13905 0.00000 0.12207 0.49591 0.25700 0.00000 0.39135 0.35311 0.23606]
 [0.02243 0.00000 0.13029 0.00000 0.00000 0.72666 0.24119 0.17353 0.12908 0.25638 0.00000 0.27735 0.25843 0.24008 0.00000 0.17610 0.22622 0.07141 0.06133 0.00000]
 [0.22355 0.22585 0.00000 0.00000 0.00000 0.49745 0.13684 0.11393 0.00000 0.08062 0.24312 0.00000 0.01020 0.00335 0.00000 0.08307 0.00948 0.00000 0.00000 0.00000]
 [0.54218 0.00000 0.00000 0.72666 0.49745 0.00000 1.00000 0.74605 0.60532 0.75780 0.48461 0.79285 0.78563 0.00000 0.00000 0.69974 0.00000 0.00000 0.59345 0.77273]
 [0.06325 0.00000 0.00000 0.24119 0.13684 1.00000 0.00000 0.00000 0.16359 0.28207 0.02103 0.00000 0.00000 0.37432 0.16345 0.00000 0.36232 0.00000 0.12826 0.27812]
 [0.00000 0.00000 0.00000 0.17353 0.11393 0.74605 0.00000 0.00000 0.03644 0.13179 0.00000 0.00000 0.20390 0.00000 0.14472 0.08262 0.00000 0.00326 0.01499 0.00000]
 [0.00000 0.07265 0.30226 0.12908 0.00000 0.60532 0.16359 0.03644 0.00000 0.00000 0.00000 0.10527 0.10371 0.09880 0.16697 0.03682 0.00000 0.00000 0.09001 0.00000]
 [0.05460 0.00000 0.00000 0.25638 0.08062 0.75780 0.28207 0.13179 0.00000 0.00000 0.09405 0.24790 0.00000 0.26687 0.00000 0.00000 0.26152 0.00753 0.00000 0.17583]
 [0.00000 0.19618 0.42093 0.00000 0.24312 0.48461 0.02103 0.00000 0.00000 0.09405 0.00000 0.00000 0.00000 0.05266 0.00000 0.00177 0.00000 0.26215 0.22469 0.00000]
 [0.02949 0.00000 0.13905 0.27735 0.00000 0.79285 0.00000 0.00000 0.10527 0.24790 0.00000 0.00000 0.26164 0.31621 0.00000 0.00000 0.31445 0.00000 0.04248 0.00000]
 [0.01237 0.00000 0.00000 0.25843 0.01020 0.78563 0.00000 0.20390 0.10371 0.00000 0.00000 0.26164 0.00000 0.00000 0.01338 0.00000 0.30302 0.07333 0.09534 0.00000]
 [0.00000 0.00000 0.12207 0.24008 0.00335 0.00000 0.37432 0.00000 0.09880 0.26687 0.05266 0.31621 0.00000 0.00000 0.00000 0.23992 0.00000 0.00000 0.00000 0.26685]
 [0.00000 0.23993 0.49591 0.00000 0.00000 0.00000 0.16345 0.14472 0.16697 0.00000 0.00000 0.00000 0.01338 0.00000 0.00000 0.15240 0.03303 0.27991 0.25472 0.10302]
 [0.00000 0.00000 0.25700 0.17610 0.08307 0.69974 0.00000 0.08262 0.03682 0.00000 0.00177 0.00000 0.00000 0.23992 0.15240 0.00000 0.00000 0.03753 0.04811 0.11688]
 [0.00309 0.00000 0.00000 0.22622 0.00948 0.00000 0.36232 0.00000 0.00000 0.26152 0.00000 0.31445 0.30302 0.00000 0.03303 0.00000 0.00000 0.00000 0.00000 0.00000]
 [0.00000 0.11196 0.39135 0.07141 0.00000 0.00000 0.00000 0.00326 0.00000 0.00753 0.26215 0.00000 0.07333 0.00000 0.27991 0.03753 0.00000 0.00000 0.18461 0.00000]
 [0.00000 0.12539 0.35311 0.06133 0.00000 0.59345 0.12826 0.01499 0.09001 0.00000 0.22469 0.04248 0.09534 0.00000 0.25472 0.04811 0.00000 0.18461 0.00000 0.00000]
 [0.06051 0.00000 0.23606 0.00000 0.00000 0.77273 0.27812 0.00000 0.00000 0.17583 0.00000 0.00000 0.00000 0.26685 0.10302 0.11688 0.00000 0.00000 0.00000 0.00000]]
Candidate: 2f2805599adf9474. Changes:23
Loss in Epoch 0: 0.3624701499938965
Loss in Epoch 1: 0.3367256224155426
Loss in Epoch 2: 0.33287471532821655
Loss in Epoch 3: 0.32801467180252075
Loss in Epoch 4: 0.3244837522506714
Loss in Epoch 5: 0.32225897908210754
Loss in Epoch 6: 0.32195064425468445
Loss in Epoch 7: 0.3215489983558655
Loss in Epoch 8: 0.32136663794517517
Loss in Epoch 9: 0.3220193088054657
Loss in Epoch 10: 0.3211478292942047
Loss in Epoch 11: 0.32074442505836487
Loss in Epoch 12: 0.3203105330467224
Loss in Epoch 13: 0.3205146789550781
Loss in Epoch 14: 0.3216436803340912
Loss in Epoch 15: 0.32045453786849976
Loss in Epoch 16: 0.32049277424812317
Loss in Epoch 17: 0.3202528655529022
Loss in Epoch 18: 0.32075393199920654
Loss in Epoch 19: 0.32034263014793396
Mean loss in evaluation epoch: 0.32160118222236633, epochs needed: 20
will accept with prob tensor(0.7078)
accepting!
Loss in Epoch 0: 0.3580109179019928
Loss in Epoch 1: 0.33471885323524475
Loss in Epoch 2: 0.3309893310070038
Loss in Epoch 3: 0.3275013267993927
Loss in Epoch 4: 0.32355278730392456
Loss in Epoch 5: 0.32313793897628784
Loss in Epoch 6: 0.32245051860809326
Loss in Epoch 7: 0.3219538927078247
Loss in Epoch 8: 0.32158607244491577
Loss in Epoch 9: 0.3210964798927307
Loss in Epoch 10: 0.3208563029766083
Loss in Epoch 11: 0.3207162320613861
Loss in Epoch 12: 0.3209798336029053
Loss in Epoch 13: 0.3211209177970886
Loss in Epoch 14: 0.3209877014160156
Loss in Epoch 15: 0.32060739398002625
Loss in Epoch 16: 0.32054731249809265
Loss in Epoch 17: 0.3206356465816498
Loss in Epoch 18: 0.3206348717212677
Loss in Epoch 19: 0.320778489112854
Mean loss in evaluation epoch: 0.3218335509300232, epochs needed: 20


 Tracking generation 7
------------------------- TRACKING ---------------------------
Matrix Hash: 2f2805599adf9474, num_times_seen_before: 0
ACC: 0.4842105263157894
TPR/FPR: 0.5, 0.5194805194805194
Loss: 0.3218335509300232
Timestamp: 71.392236318
---------------------------------------------------------------
[[0.00000 0.39609 0.08256 0.16159 0.00000 0.41788 0.00000 0.00000 0.23031 0.01144 0.14519 0.14595 0.08219 0.00000 0.00000 0.26813 0.13474 0.14051 0.24299 0.00000]
 [0.39609 0.00000 0.00000 0.00000 0.62127 0.00000 0.00000 0.00000 0.88484 0.00000 0.00000 0.00000 0.00000 0.00000 0.00000 0.00000 0.00000 0.00000 0.00000 0.00000]
 [0.08256 0.00000 0.00000 0.00000 0.23149 0.28162 0.05281 0.19078 0.00000 0.11303 0.37928 0.00000 0.13083 0.00000 0.00000 0.00000 0.41253 0.00000 0.51895 0.00000]
 [0.16159 0.00000 0.00000 0.00000 0.25811 0.20917 0.05227 0.24569 0.00000 0.19655 0.41617 0.16681 0.21213 0.35027 0.18029 0.45244 0.35308 0.45147 0.49827 0.00000]
 [0.00000 0.62127 0.23149 0.25811 0.00000 0.26607 0.17269 0.00000 0.43638 0.00000 0.00000 0.06677 0.18991 0.41802 0.17542 0.00000 0.40272 0.38359 0.53493 0.21464]
 [0.41788 0.00000 0.28162 0.20917 0.26607 0.00000 0.38883 0.30136 0.00000 0.41897 0.00000 0.45837 0.39660 0.13948 0.37604 0.07422 0.17350 0.10773 0.00000 0.26881]
 [0.00000 0.00000 0.05281 0.05227 0.17269 0.38883 0.00000 0.00000 0.20817 0.10812 0.16815 0.10875 0.00000 0.23508 0.10209 0.00000 0.21096 0.00000 0.33339 0.08555]
 [0.00000 0.00000 0.19078 0.24569 0.00000 0.30136 0.00000 0.00000 0.36200 0.04338 0.29214 0.00000 0.12319 0.00000 0.00000 0.39545 0.00000 0.43395 0.52045 0.00000]
